best_model=linear_best
mae=12.429134837962962
r2=-0.012742335772774727
rmse=14.233473085907022
